2
60
0 "Agua Rasa" 0
1 "Alto de Pinheiros" 0
2 "Aricanduva" 0
3 "Artur Alvim" 0
4 "Barra Funda" 0
5 "Belem" 0
6 "Bixiga" 0
7 "Bom Retiro" 0
8 "Bras" 0
9 "Brasilandia" 0
10 "Butanta" 0
11 "Cambuci" 0
12 "Campo Belo" 0
13 "Casa Verde" 0
14 "Cidade Lider" 0
15 "Higienopolis" 0
16 "Indianopolis" 0
17 "Ipiranga" 0
18 "Itaim Bibi" 0
19 "Itaim Paulista" 0
20 "Itaquera" 0
21 "Jabaquara" 0
22 "Jaguare" 0
23 "Jardim Paulista" 0
24 "Jose Bonifacio" 0
25 "Lapa" 0
26 "Limao" 0
27 "Moema" 0
28 "Mooca" 0
29 "Morumbi" 0
30 "Paraiso" 0
31 "Pari" 0
32 "Parque do Carmo" 0
33 "Penha" 0
34 "Perdizes" 0
35 "Pinheiros" 0
36 "Pirituba" 0
37 "Republica" 0
38 "Sacoma" 0
39 "Santa Cecilia" 0
40 "Santana" 0
41 "Santo Amaro" 0
42 "Sao Miguel" 0
43 "Sapopemba" 0
44 "Saude" 0
45 "Se" 0
46 "Tatuape" 0
47 "Tucuruvi" 0
48 "Vila Carrao" 0
49 "Vila Formosa" 0
50 "Vila Guilherme" 0
51 "Vila Maria" 0
52 "Vila Mariana" 0
53 "Vila Matilde" 0
54 "Vila Medeiros" 0
55 "Vila Monumento" 0
56 "Vila Olimpia" 0
57 "Vila Prudente" 0
58 "Vila Romana" 0
59 "Vila Sonia" 0
150
46 53 5.64
33 53 3.83
3 53 5.95
3 14 5.89
14 20 7.08
14 32 5.69
20 32 6.08
24 32 3.76
20 42 4.82
19 42 5.54
33 51 9.03
33 48 6.95
28 33 11.21
47 51 5.61
31 51 5.43
0 31 7.35
31 53 12.80
31 50 2.83
0 49 4.29
49 57 5.66
28 49 7.10
2 49 4.69
43 49 6.71
2 43 4.55
2 14 4.10
43 53 10.92
48 49 2.49
5 28 3.68
11 28 3.15
5 46 3.43
5 51 4.53
8 11 4.55
8 43 16.73
11 17 3.86
17 28 5.00
17 27 7.91
17 38 1.62
27 30 4.93
15 30 4.08
18 30 4.11
30 35 8.10
35 56 8.59
16 35 10.86
16 27 1.61
16 21 6.91
21 44 6.13
21 28 14.89
12 21 4.97
44 52 4.36
35 44 10.07
34 35 7.16
4 34 2.66
4 40 7.27
4 25 4.43
10 25 7.78
8 25 11.69
22 25 7.29
25 36 6.36
9 36 5.77
22 29 12.98
22 59 8.39
29 59 3.28
41 59 10.37
23 41 11.21
27 41 7.75
12 41 5.25
25 41 18.80
1 12 11.26
1 7 11.46
13 40 4.58
40 47 3.98
47 54 3.15
6 47 11.34
13 26 3.26
26 37 7.74
7 26 6.61
37 45 1.75
11 37 4.88
8 37 4.12
45 46 7.52
35 45 10.54
4 45 6.08
39 45 4.49
30 39 4.42
5 30 8.39
30 58 9.81
10 30 10.15
46 50 6.17
53 54 12.52
3 31 17.90
14 50 15.36
32 57 16.60
24 43 14.26
20 48 10.45
8 42 28.94
19 28 31.82
2 33 10.24
13 51 9.31
38 47 16.34
31 39 5.36
0 26 16.64
7 49 13.23
21 57 12.70
2 39 18.01
6 48 14.05
12 28 15.25
5 37 6.05
11 47 11.70
8 56 12.40
17 40 11.15
9 27 18.93
25 38 17.88
24 30 28.67
15 51 11.06
0 18 14.47
35 50 23.49
7 56 11.74
16 36 22.80
21 59 17.45
29 44 11.48
22 52 12.83
34 43 24.99
4 55 9.85
32 40 26.13
24 25 27.88
2 10 21.47
0 22 27.33
5 29 16.74
31 59 18.00
41 50 19.83
23 57 12.84
12 47 20.45
1 28 14.62
7 14 18.92
13 19 34.61
24 26 32.99
32 37 24.07
16 45 8.39
39 43 19.96
17 58 15.15
27 36 16.04
5 9 12.74
33 54 9.14
15 55 7.11
6 25 9.16
50 56 11.56
12 59 10.59
27 29 7.79
1 17 14.90
11 23 6.99